Celtics 108.39207207207207 105.19423423423423 8.500343086083282 9.386175325236024
Hawks 102.7127927927928 105.07423423423424 11.609043134072193 10.922189789571267
Nets 106.16972972972972 112.32396396396396 10.398309625484549 10.35307483959793
Hornets 105.26126126126127 105.07567567567567 9.938705580528634 12.00473310162971
Bulls 102.66486486486487 104.73261261261261 11.675524055041421 10.467828074687157
Cavaliers 109.59015179563124 108.51536467974825 14.6237558046959 11.411687127104845
Mavericks 98.83487597186227 99.94742687893373 11.029358733727697 10.127745264593026
Nuggets 113.19891891891892 111.79495495495496 12.02607299911761 9.683971581888752
Pistons 101.60912280701754 104.14561403508772 13.060908629138417 10.224421125589405
Warriors 114.38594594594595 103.39171171171171 12.043596104306458 10.318032066704166
Rockets 117.14954954954955 110.09801801801802 11.36749524877667 10.786788300843858
Pacers 103.8018018018018 104.39783783783784 9.887524384292352 12.423392950220904
Clippers 107.55719298245614 105.80421052631579 10.542778506932857 13.728379309357889
Lakers 104.6327927927928 113.61945945945946 11.956671806137392 11.629395323149792
Grizzlies 101.59711711711712 101.04 10.447512013019418 11.477347483106424
Heat 105.24936936936938 102.45981981981981 10.622917594479336 9.223218568009653
Bucks 104.46558558558559 104.30126126126126 10.84273160997793 9.722722383201598
Timberwolves 105.78415401703073 106.65124028137727 9.755162889053159 12.986543303160765
Pelicans 104.3618018018018 105.06018018018018 11.291765164505367 13.261475156994708
Knicks 104.82630630630631 108.53513513513514 9.263464818198143 11.394310116115053
Thunder 107.38948537578675 106.61384672343577 11.356717601632946 11.301234268464322
Magic 102.22234234234234 108.65477477477478 11.634522031302412 11.454760947045559
Seventysixers 104.52936936936936 108.52720720720721 9.289472146250198 11.125317217380067
Suns 107.1021052631579 112.90140350877193 10.005652722282809 11.489398913123699
Trailblazers 108.16504504504505 107.46486486486486 11.922232143763702 11.732444920404259
Kings 102.52468468468469 107.03423423423423 10.157788998918353 8.951633875529541
Spurs 106.39577934098482 97.88374676045909 9.883925117605896 9.236758527110448
Raptors 105.47387387387387 102.11675675675676 12.090168106426537 12.353952567348376
Jazz 101.07351351351352 97.89621621621622 11.136776288364278 9.591393710272529
Wizards 111.55603603603603 107.49225225225226 9.975283832109413 10.3671408014669
